n=4
#1
[(1, 2)] - counter: 0
#2
[(1, 2), (1, 3)] - counter: 0
[(1, 2), (2, 1)] - counter: 0
[(1, 2), (2, 3)] - counter: 0
[(1, 2), (3, 2)] - counter: 0
#3
[(1, 2), (1, 3), (1, 4)] - counter: 0
[(1, 2), (1, 3), (2, 1)] - counter: 0
[(1, 2), (1, 3), (2, 3)] - counter: 0
[(1, 2), (1, 3), (2, 4)] - counter: 0
[(1, 2), (1, 3), (4, 1)] - counter: 0
[(1, 2), (1, 3), (4, 2)] - counter: 0
[(1, 2), (2, 1), (3, 1)] - counter: 0
[(1, 2), (2, 3), (3, 1)] - counter: 0
[(1, 2), (2, 3), (3, 4)] - counter: 0
[(1, 2), (2, 3), (4, 2)] - counter: 0
[(1, 2), (2, 3), (4, 3)] - counter: 0
[(1, 2), (3, 2), (4, 2)] - counter: 0
#4
[(1, 2), (1, 3), (1, 4), (2, 1)] - counter: 0
[(1, 2), (1, 3), (1, 4), (2, 3)] - counter: 0
[(1, 2), (1, 3), (2, 1), (2, 3)] - counter: 0
[(1, 2), (1, 3), (2, 1), (2, 4)] - counter: 0
[(1, 2), (1, 3), (2, 1), (3, 1)] - counter: 0
[(1, 2), (1, 3), (2, 1), (3, 2)] - counter: 0
[(1, 2), (1, 3), (2, 1), (3, 4)] - counter: 0
[(1, 2), (1, 3), (2, 1), (4, 1)] - counter: 0
[(1, 2), (1, 3), (2, 1), (4, 2)] - counter: 0
[(1, 2), (1, 3), (2, 1), (4, 3)] - counter: 0
[(1, 2), (1, 3), (2, 3), (2, 4)] - counter: 0
[(1, 2), (1, 3), (2, 3), (3, 2)] - counter: 0
[(1, 2), (1, 3), (2, 3), (3, 4)] - counter: 0
[(1, 2), (1, 3), (2, 3), (4, 1)] - counter: 0
[(1, 2), (1, 3), (2, 3), (4, 2)] - counter: 0
[(1, 2), (1, 3), (2, 3), (4, 3)] - counter: 0
[(1, 2), (1, 3), (2, 4), (3, 4)] - counter: 0
[(1, 2), (1, 3), (2, 4), (4, 1)] - counter: 0
[(1, 2), (1, 3), (2, 4), (4, 2)] - counter: 0
[(1, 2), (1, 3), (2, 4), (4, 3)] - counter: 0
[(1, 2), (1, 3), (4, 2), (4, 3)] - counter: 0
[(1, 2), (2, 1), (3, 1), (4, 1)] - counter: 0
[(1, 2), (2, 1), (3, 1), (4, 2)] - counter: 0
[(1, 2), (2, 1), (3, 1), (4, 3)] - counter: 0
[(1, 2), (2, 3), (3, 1), (4, 1)] - counter: 0
[(1, 2), (2, 3), (3, 4), (4, 1)] - counter: 0
#5
[(1, 2), (1, 3), (1, 4), (2, 1), (2, 3)] - counter: 0
[(1, 2), (1, 3), (1, 4), (2, 1), (3, 1)] - counter: 0
[(1, 2), (1, 3), (1, 4), (2, 1), (3, 2)] - counter: 0
[(1, 2), (1, 3), (1, 4), (2, 1), (3, 4)] - counter: 0
[(1, 2), (1, 3), (1, 4), (2, 3), (2, 4)] - counter: 0
[(1, 2), (1, 3), (1, 4), (2, 3), (3, 2)] - counter: 0
[(1, 2), (1, 3), (1, 4), (2, 3), (3, 4)] - counter: 0
[(1, 2), (1, 3), (1, 4), (2, 3), (4, 3)] - counter: 0
[(1, 2), (1, 3), (2, 1), (2, 3), (3, 1)] - counter: 0
[(1, 2), (1, 3), (2, 1), (2, 3), (3, 4)] - counter: 0
[(1, 2), (1, 3), (2, 1), (2, 3), (4, 1)] - counter: 0
[(1, 2), (1, 3), (2, 1), (2, 3), (4, 3)] - counter: 0
[(1, 2), (1, 3), (2, 1), (2, 4), (3, 1)] - counter: 0
[(1, 2), (1, 3), (2, 1), (2, 4), (3, 2)] - counter: 0
[(1, 2), (1, 3), (2, 1), (2, 4), (3, 4)] - counter: 0
[(1, 2), (1, 3), (2, 1), (3, 1), (4, 1)] - counter: 0
[(1, 2), (1, 3), (2, 1), (3, 1), (4, 2)] - counter: 0
[(1, 2), (1, 3), (2, 1), (3, 2), (3, 4)] - counter: 0
[(1, 2), (1, 3), (2, 1), (3, 2), (4, 1)] - counter: 0
[(1, 2), (1, 3), (2, 1), (3, 2), (4, 2)] - counter: 0
[(1, 2), (1, 3), (2, 1), (3, 2), (4, 3)] - counter: 0
[(1, 2), (1, 3), (2, 1), (3, 4), (4, 1)] - counter: 0
[(1, 2), (1, 3), (2, 1), (3, 4), (4, 2)] - counter: 0
[(1, 2), (1, 3), (2, 1), (3, 4), (4, 3)] - counter: 0
[(1, 2), (1, 3), (2, 1), (4, 1), (4, 2)] - counter: 0
[(1, 2), (1, 3), (2, 1), (4, 1), (4, 3)] - counter: 0
[(1, 2), (1, 3), (2, 1), (4, 2), (4, 3)] - counter: 0
[(1, 2), (1, 3), (2, 3), (2, 4), (3, 4)] - counter: 0
[(1, 2), (1, 3), (2, 3), (2, 4), (4, 1)] - counter: 0
[(1, 2), (1, 3), (2, 3), (2, 4), (4, 3)] - counter: 0
[(1, 2), (1, 3), (2, 3), (3, 2), (4, 1)] - counter: 0
[(1, 2), (1, 3), (2, 3), (3, 2), (4, 2)] - counter: 0
[(1, 2), (1, 3), (2, 3), (3, 4), (4, 1)] - counter: 0
[(1, 2), (1, 3), (2, 3), (3, 4), (4, 2)] - counter: 0
[(1, 2), (1, 3), (2, 3), (3, 4), (4, 3)] - counter: 0
[(1, 2), (1, 3), (2, 3), (4, 2), (4, 3)] - counter: 0
[(1, 2), (1, 3), (2, 4), (3, 4), (4, 1)] - counter: 0
[(1, 2), (1, 3), (2, 4), (3, 4), (4, 2)] - counter: 0
#6
[(1, 2), (1, 3), (1, 4), (2, 1), (2, 3), (2, 4)] - counter: 0
[(1, 2), (1, 3), (1, 4), (2, 1), (2, 3), (3, 1)] - counter: 0
[(1, 2), (1, 3), (1, 4), (2, 1), (2, 3), (3, 2)] - counter: 0
[(1, 2), (1, 3), (1, 4), (2, 1), (2, 3), (3, 4)] - counter: 0
[(1, 2), (1, 3), (1, 4), (2, 1), (2, 3), (4, 1)] - counter: 0
[(1, 2), (1, 3), (1, 4), (2, 1), (2, 3), (4, 2)] - counter: 0
[(1, 2), (1, 3), (1, 4), (2, 1), (2, 3), (4, 3)] - counter: 0
[(1, 2), (1, 3), (1, 4), (2, 1), (3, 1), (4, 1)] - counter: 0
[(1, 2), (1, 3), (1, 4), (2, 1), (3, 1), (4, 2)] - counter: 0
[(1, 2), (1, 3), (1, 4), (2, 1), (3, 2), (3, 4)] - counter: 0
[(1, 2), (1, 3), (1, 4), (2, 1), (3, 2), (4, 2)] - counter: 0
[(1, 2), (1, 3), (1, 4), (2, 1), (3, 2), (4, 3)] - counter: 0
[(1, 2), (1, 3), (1, 4), (2, 1), (3, 4), (4, 3)] - counter: 0
[(1, 2), (1, 3), (1, 4), (2, 3), (2, 4), (3, 2)] - counter: 0
[(1, 2), (1, 3), (1, 4), (2, 3), (2, 4), (3, 4)] - counter: 0
[(1, 2), (1, 3), (1, 4), (2, 3), (3, 2), (4, 2)] - counter: 0
[(1, 2), (1, 3), (1, 4), (2, 3), (3, 4), (4, 2)] - counter: 0
[(1, 2), (1, 3), (2, 1), (2, 3), (3, 1), (3, 2)] - counter: 0
[(1, 2), (1, 3), (2, 1), (2, 3), (3, 1), (3, 4)] - counter: 0
[(1, 2), (1, 3), (2, 1), (2, 3), (3, 1), (4, 1)] - counter: 0
[(1, 2), (1, 3), (2, 1), (2, 3), (3, 1), (4, 2)] - counter: 0
[(1, 2), (1, 3), (2, 1), (2, 3), (3, 1), (4, 3)] - counter: 0
[(1, 2), (1, 3), (2, 1), (2, 3), (3, 4), (4, 1)] - counter: 0
[(1, 2), (1, 3), (2, 1), (2, 3), (3, 4), (4, 3)] - counter: 0
[(1, 2), (1, 3), (2, 1), (2, 3), (4, 1), (4, 2)] - counter: 0
[(1, 2), (1, 3), (2, 1), (2, 3), (4, 1), (4, 3)] - counter: 0
[(1, 2), (1, 3), (2, 1), (2, 4), (3, 1), (3, 4)] - counter: 0
[(1, 2), (1, 3), (2, 1), (2, 4), (3, 1), (4, 1)] - counter: 0
[(1, 2), (1, 3), (2, 1), (2, 4), (3, 1), (4, 2)] - counter: 0
[(1, 2), (1, 3), (2, 1), (2, 4), (3, 1), (4, 3)] - counter: 0
[(1, 2), (1, 3), (2, 1), (2, 4), (3, 2), (3, 4)] - counter: 0
[(1, 2), (1, 3), (2, 1), (2, 4), (3, 2), (4, 1)] - counter: 0
[(1, 2), (1, 3), (2, 1), (2, 4), (3, 2), (4, 3)] - counter: 0
[(1, 2), (1, 3), (2, 1), (2, 4), (3, 4), (4, 3)] - counter: 0
[(1, 2), (1, 3), (2, 1), (3, 1), (4, 1), (4, 2)] - counter: 0
[(1, 2), (1, 3), (2, 1), (3, 1), (4, 2), (4, 3)] - counter: 0
[(1, 2), (1, 3), (2, 1), (3, 2), (3, 4), (4, 1)] - counter: 0
[(1, 2), (1, 3), (2, 1), (3, 2), (3, 4), (4, 2)] - counter: 0
[(1, 2), (1, 3), (2, 1), (3, 2), (3, 4), (4, 3)] - counter: 0
[(1, 2), (1, 3), (2, 1), (3, 2), (4, 1), (4, 2)] - counter: 0
[(1, 2), (1, 3), (2, 1), (3, 2), (4, 1), (4, 3)] - counter: 0
[(1, 2), (1, 3), (2, 1), (3, 2), (4, 2), (4, 3)] - counter: 0
[(1, 2), (1, 3), (2, 1), (3, 4), (4, 1), (4, 2)] - counter: 0
[(1, 2), (1, 3), (2, 1), (3, 4), (4, 2), (4, 3)] - counter: 0
[(1, 2), (1, 3), (2, 3), (2, 4), (3, 4), (4, 1)] - counter: 0
[(1, 2), (1, 3), (2, 3), (2, 4), (3, 4), (4, 3)] - counter: 0
[(1, 2), (1, 3), (2, 3), (2, 4), (4, 1), (4, 3)] - counter: 0
[(1, 2), (1, 3), (2, 3), (3, 2), (4, 2), (4, 3)] - counter: 0
#7
[(1, 2), (1, 3), (1, 4), (2, 1), (2, 3), (2, 4), (3, 1)] - counter: 0
[(1, 2), (1, 3), (1, 4), (2, 1), (2, 3), (2, 4), (3, 4)] - counter: 0
[(1, 2), (1, 3), (1, 4), (2, 1), (2, 3), (3, 1), (3, 2)] - counter: 0
[(1, 2), (1, 3), (1, 4), (2, 1), (2, 3), (3, 1), (3, 4)] - counter: 0
[(1, 2), (1, 3), (1, 4), (2, 1), (2, 3), (3, 1), (4, 1)] - counter: 0
[(1, 2), (1, 3), (1, 4), (2, 1), (2, 3), (3, 1), (4, 2)] - counter: 0
[(1, 2), (1, 3), (1, 4), (2, 1), (2, 3), (3, 1), (4, 3)] - counter: 0
[(1, 2), (1, 3), (1, 4), (2, 1), (2, 3), (3, 2), (3, 4)] - counter: 0
[(1, 2), (1, 3), (1, 4), (2, 1), (2, 3), (3, 2), (4, 1)] - counter: 0
[(1, 2), (1, 3), (1, 4), (2, 1), (2, 3), (3, 2), (4, 2)] - counter: 0
[(1, 2), (1, 3), (1, 4), (2, 1), (2, 3), (3, 2), (4, 3)] - counter: 0
[(1, 2), (1, 3), (1, 4), (2, 1), (2, 3), (3, 4), (4, 1)] - counter: 0
[(1, 2), (1, 3), (1, 4), (2, 1), (2, 3), (3, 4), (4, 2)] - counter: 0
[(1, 2), (1, 3), (1, 4), (2, 1), (2, 3), (3, 4), (4, 3)] - counter: 0
[(1, 2), (1, 3), (1, 4), (2, 1), (2, 3), (4, 1), (4, 3)] - counter: 0
[(1, 2), (1, 3), (1, 4), (2, 1), (2, 3), (4, 2), (4, 3)] - counter: 0
[(1, 2), (1, 3), (1, 4), (2, 1), (3, 1), (4, 2), (4, 3)] - counter: 0
[(1, 2), (1, 3), (1, 4), (2, 1), (3, 2), (3, 4), (4, 2)] - counter: 0
[(1, 2), (1, 3), (1, 4), (2, 1), (3, 2), (3, 4), (4, 3)] - counter: 0
[(1, 2), (1, 3), (1, 4), (2, 3), (2, 4), (3, 2), (3, 4)] - counter: 0
[(1, 2), (1, 3), (1, 4), (2, 3), (2, 4), (3, 2), (4, 2)] - counter: 0
[(1, 2), (1, 3), (1, 4), (2, 3), (2, 4), (3, 2), (4, 3)] - counter: 0
[(1, 2), (1, 3), (1, 4), (2, 3), (2, 4), (3, 4), (4, 3)] - counter: 0
[(1, 2), (1, 3), (2, 1), (2, 3), (3, 1), (3, 2), (4, 1)] - counter: 0
[(1, 2), (1, 3), (2, 1), (2, 3), (3, 1), (3, 4), (4, 1)] - counter: 0
[(1, 2), (1, 3), (2, 1), (2, 3), (3, 1), (3, 4), (4, 2)] - counter: 0
[(1, 2), (1, 3), (2, 1), (2, 3), (3, 1), (3, 4), (4, 3)] - counter: 0
[(1, 2), (1, 3), (2, 1), (2, 3), (3, 1), (4, 1), (4, 2)] - counter: 0
[(1, 2), (1, 3), (2, 1), (2, 3), (3, 1), (4, 1), (4, 3)] - counter: 0
[(1, 2), (1, 3), (2, 1), (2, 3), (3, 1), (4, 2), (4, 3)] - counter: 0
[(1, 2), (1, 3), (2, 1), (2, 3), (3, 4), (4, 1), (4, 2)] - counter: 0
[(1, 2), (1, 3), (2, 1), (2, 3), (3, 4), (4, 1), (4, 3)] - counter: 0
[(1, 2), (1, 3), (2, 1), (2, 4), (3, 1), (3, 4), (4, 1)] - counter: 0
[(1, 2), (1, 3), (2, 1), (2, 4), (3, 1), (3, 4), (4, 2)] - counter: 0
[(1, 2), (1, 3), (2, 1), (2, 4), (3, 1), (4, 1), (4, 3)] - counter: 0
[(1, 2), (1, 3), (2, 1), (2, 4), (3, 2), (3, 4), (4, 1)] - counter: 0
[(1, 2), (1, 3), (2, 1), (2, 4), (3, 2), (3, 4), (4, 3)] - counter: 0
[(1, 2), (1, 3), (2, 1), (3, 2), (3, 4), (4, 1), (4, 2)] - counter: 0
#8
[(1, 2), (1, 3), (1, 4), (2, 1), (2, 3), (2, 4), (3, 1), (3, 2)] - counter: 0
[(1, 2), (1, 3), (1, 4), (2, 1), (2, 3), (2, 4), (3, 1), (3, 4)] - counter: 0
[(1, 2), (1, 3), (1, 4), (2, 1), (2, 3), (2, 4), (3, 1), (4, 1)] - counter: 0
[(1, 2), (1, 3), (1, 4), (2, 1), (2, 3), (2, 4), (3, 1), (4, 2)] - counter: 0
[(1, 2), (1, 3), (1, 4), (2, 1), (2, 3), (2, 4), (3, 1), (4, 3)] - counter: 0
[(1, 2), (1, 3), (1, 4), (2, 1), (2, 3), (2, 4), (3, 4), (4, 3)] - counter: 0
[(1, 2), (1, 3), (1, 4), (2, 1), (2, 3), (3, 1), (3, 2), (4, 1)] - counter: 0
[(1, 2), (1, 3), (1, 4), (2, 1), (2, 3), (3, 1), (3, 2), (4, 2)] - counter: 0
[(1, 2), (1, 3), (1, 4), (2, 1), (2, 3), (3, 1), (3, 4), (4, 1)] - counter: 0
[(1, 2), (1, 3), (1, 4), (2, 1), (2, 3), (3, 1), (3, 4), (4, 2)] - counter: 0
[(1, 2), (1, 3), (1, 4), (2, 1), (2, 3), (3, 1), (3, 4), (4, 3)] - counter: 0
[(1, 2), (1, 3), (1, 4), (2, 1), (2, 3), (3, 1), (4, 1), (4, 3)] - counter: 0
[(1, 2), (1, 3), (1, 4), (2, 1), (2, 3), (3, 1), (4, 2), (4, 3)] - counter: 0
[(1, 2), (1, 3), (1, 4), (2, 1), (2, 3), (3, 2), (3, 4), (4, 1)] - counter: 0
[(1, 2), (1, 3), (1, 4), (2, 1), (2, 3), (3, 2), (3, 4), (4, 2)] - counter: 0
[(1, 2), (1, 3), (1, 4), (2, 1), (2, 3), (3, 2), (3, 4), (4, 3)] - counter: 0
[(1, 2), (1, 3), (1, 4), (2, 1), (2, 3), (3, 2), (4, 1), (4, 3)] - counter: 0
[(1, 2), (1, 3), (1, 4), (2, 1), (2, 3), (3, 2), (4, 2), (4, 3)] - counter: 0
[(1, 2), (1, 3), (1, 4), (2, 1), (2, 3), (3, 4), (4, 2), (4, 3)] - counter: 0
[(1, 2), (1, 3), (1, 4), (2, 1), (3, 2), (3, 4), (4, 2), (4, 3)] - counter: 0
[(1, 2), (1, 3), (1, 4), (2, 3), (2, 4), (3, 2), (3, 4), (4, 2)] - counter: 0
[(1, 2), (1, 3), (2, 1), (2, 3), (3, 1), (3, 2), (4, 1), (4, 2)] - counter: 0
[(1, 2), (1, 3), (2, 1), (2, 3), (3, 1), (3, 4), (4, 1), (4, 2)] - counter: 0
[(1, 2), (1, 3), (2, 1), (2, 3), (3, 1), (3, 4), (4, 1), (4, 3)] - counter: 0
[(1, 2), (1, 3), (2, 1), (2, 3), (3, 1), (3, 4), (4, 2), (4, 3)] - counter: 0
[(1, 2), (1, 3), (2, 1), (2, 4), (3, 1), (3, 4), (4, 2), (4, 3)] - counter: 0
[(1, 2), (1, 3), (2, 1), (2, 4), (3, 2), (3, 4), (4, 1), (4, 3)] - counter: 0
#9
[(1, 2), (1, 3), (1, 4), (2, 1), (2, 3), (2, 4), (3, 1), (3, 2), (3, 4)] - counter: 0
[(1, 2), (1, 3), (1, 4), (2, 1), (2, 3), (2, 4), (3, 1), (3, 2), (4, 1)] - counter: 0
[(1, 2), (1, 3), (1, 4), (2, 1), (2, 3), (2, 4), (3, 1), (3, 2), (4, 3)] - counter: 0
[(1, 2), (1, 3), (1, 4), (2, 1), (2, 3), (2, 4), (3, 1), (3, 4), (4, 1)] - counter: 0
[(1, 2), (1, 3), (1, 4), (2, 1), (2, 3), (2, 4), (3, 1), (3, 4), (4, 2)] - counter: 0
[(1, 2), (1, 3), (1, 4), (2, 1), (2, 3), (2, 4), (3, 1), (3, 4), (4, 3)] - counter: 0
[(1, 2), (1, 3), (1, 4), (2, 1), (2, 3), (3, 1), (3, 2), (4, 1), (4, 2)] - counter: 0
[(1, 2), (1, 3), (1, 4), (2, 1), (2, 3), (3, 1), (3, 2), (4, 2), (4, 3)] - counter: 0
[(1, 2), (1, 3), (1, 4), (2, 1), (2, 3), (3, 1), (3, 4), (4, 1), (4, 2)] - counter: 0
[(1, 2), (1, 3), (1, 4), (2, 1), (2, 3), (3, 1), (3, 4), (4, 2), (4, 3)] - counter: 0
[(1, 2), (1, 3), (1, 4), (2, 1), (2, 3), (3, 2), (3, 4), (4, 1), (4, 3)] - counter: 0
[(1, 2), (1, 3), (1, 4), (2, 1), (2, 3), (3, 2), (3, 4), (4, 2), (4, 3)] - counter: 0
[(1, 2), (1, 3), (1, 4), (2, 3), (2, 4), (3, 2), (3, 4), (4, 2), (4, 3)] - counter: 0
#10
[(1, 2), (1, 3), (1, 4), (2, 1), (2, 3), (2, 4), (3, 1), (3, 2), (3, 4), (4, 1)] - counter: 0
[(1, 2), (1, 3), (1, 4), (2, 1), (2, 3), (2, 4), (3, 1), (3, 2), (4, 1), (4, 2)] - counter: 0
[(1, 2), (1, 3), (1, 4), (2, 1), (2, 3), (2, 4), (3, 1), (3, 2), (4, 1), (4, 3)] - counter: 0
[(1, 2), (1, 3), (1, 4), (2, 1), (2, 3), (2, 4), (3, 1), (3, 4), (4, 1), (4, 3)] - counter: 0
[(1, 2), (1, 3), (1, 4), (2, 1), (2, 3), (2, 4), (3, 1), (3, 4), (4, 2), (4, 3)] - counter: 0
#11
[(1, 2), (1, 3), (1, 4), (2, 1), (2, 3), (2, 4), (3, 1), (3, 2), (3, 4), (4, 1), (4, 2)] - counter: 0
#12
[(1, 2), (1, 3), (1, 4), (2, 1), (2, 3), (2, 4), (3, 1), (3, 2), (3, 4), (4, 1), (4, 2), (4, 3)] - counter: 0
